----------------------------------------------------------------------------------------------------------------------------------------------------------------------------------
type	E_dep [keV]		E_drift [V/cm]	N_ph		N_e
----------------------------------------------------------------------------------------------------------------------------------------------------------------------------------
ER		2791.41			500.00			64559			138119
ER		2791.41			500.00			57170			145253
ER		2791.41			500.00			61842			138825
ER		2791.41			500.00			60099			143011
ER		2791.41			500.00			64291			140332
ER		2791.41			500.00			57910			142272
ER		2791.41			500.00			58024			145700
ER		2791.41			500.00			56408			147320
ER		2791.41			500.00			55877			147921
ER		2791.41			500.00			61349			141444
ER		2791.41			500.00			47690			157728
ER		2791.41			500.00			58350			143561
ER		2791.41			500.00			56423			147578
ER		2791.41			500.00			64880			140552
ER		2791.41			500.00			54695			151293
ER		2791.41			500.00			56207			146004
ER		2791.41			500.00			59562			143659
ER		2791.41			500.00			66481			136684
ER		2791.41			500.00			60715			143576
ER		2791.41			500.00			57780			148688
ER		2791.41			500.00			60859			143060
ER		2791.41			500.00			65190			138077
ER		2791.41			500.00			60962			142531
ER		2791.41			500.00			53832			153463
ER		2791.41			500.00			54569			147828
ER		2791.41			500.00			59078			144535
ER		2791.41			500.00			61067			143926
ER		2791.41			500.00			57980			146804
ER		2791.41			500.00			53755			146844
ER		2791.41			500.00			52207			150639
ER		2791.41			500.00			61249			140777
ER		2791.41			500.00			54404			148640
ER		2791.41			500.00			50957			150038
ER		2791.41			500.00			56816			144382
ER		2791.41			500.00			61121			145725
ER		2791.41			500.00			53331			148422
ER		2791.41			500.00			62946			140782
ER		2791.41			500.00			60649			143808
ER		2791.41			500.00			65498			138859
ER		2791.41			500.00			53314			147997
ER		2791.41			500.00			60059			145523
ER		2791.41			500.00			60065			144527
ER		2791.41			500.00			52828			150956
ER		2791.41			500.00			61012			145064
ER		2791.41			500.00			58735			145305
ER		2791.41			500.00			59943			141499
ER		2791.41			500.00			58366			143921
ER		2791.41			500.00			57216			147823
ER		2791.41			500.00			60409			145368
ER		2791.41			500.00			57649			146204
ER		2791.41			500.00			56939			146477
ER		2791.41			500.00			58516			147399
ER		2791.41			500.00			54898			147657
ER		2791.41			500.00			56888			145812
ER		2791.41			500.00			53592			148392
ER		2791.41			500.00			64290			140417
ER		2791.41			500.00			50881			152697
ER		2791.41			500.00			59006			144699
ER		2791.41			500.00			58958			143826
ER		2791.41			500.00			62337			142615
ER		2791.41			500.00			60251			140439
ER		2791.41			500.00			54276			148086
ER		2791.41			500.00			55191			148331
ER		2791.41			500.00			55409			149134
ER		2791.41			500.00			63792			141260
ER		2791.41			500.00			63504			142677
ER		2791.41			500.00			55839			145550
ER		2791.41			500.00			59601			148322
ER		2791.41			500.00			60161			145370
ER		2791.41			500.00			53574			149869
ER		2791.41			500.00			69750			134083
ER		2791.41			500.00			60117			143403
ER		2791.41			500.00			61050			143849
ER		2791.41			500.00			64914			138675
ER		2791.41			500.00			60790			142127
ER		2791.41			500.00			59039			145706
ER		2791.41			500.00			62850			143811
ER		2791.41			500.00			63033			141379
ER		2791.41			500.00			66467			138968
ER		2791.41			500.00			61974			141261
ER		2791.41			500.00			58067			145134
ER		2791.41			500.00			56981			144302
ER		2791.41			500.00			60825			143994
ER		2791.41			500.00			53476			153396
ER		2791.41			500.00			61333			138858
ER		2791.41			500.00			54086			151582
ER		2791.41			500.00			64632			139243
ER		2791.41			500.00			56014			148682
ER		2791.41			500.00			61472			143732
ER		2791.41			500.00			61107			142010
ER		2791.41			500.00			51863			151743
ER		2791.41			500.00			66676			136984
ER		2791.41			500.00			57171			143439
ER		2791.41			500.00			57546			146956
ER		2791.41			500.00			57208			142121
ER		2791.41			500.00			55158			150153
ER		2791.41			500.00			55719			148505
ER		2791.41			500.00			62529			141252
ER		2791.41			500.00			59066			147544
ER		2791.41			500.00			60697			144392
ER		2791.41			500.00			62399			143533
ER		2791.41			500.00			67775			137406
ER		2791.41			500.00			61535			144669
ER		2791.41			500.00			53996			149328
ER		2791.41			500.00			61540			143246
ER		2791.41			500.00			59179			140784
ER		2791.41			500.00			57995			147803
ER		2791.41			500.00			56924			146358
ER		2791.41			500.00			54884			146680
ER		2791.41			500.00			63267			142533
ER		2791.41			500.00			55040			148599
ER		2791.41			500.00			56343			146419
ER		2791.41			500.00			54627			149047
ER		2791.41			500.00			55343			145302
ER		2791.41			500.00			58930			146528
ER		2791.41			500.00			47346			154067
ER		2791.41			500.00			59939			143799
ER		2791.41			500.00			58367			147273
ER		2791.41			500.00			58714			151838
ER		2791.41			500.00			60631			143739
ER		2791.41			500.00			62799			142256
ER		2791.41			500.00			59727			146615
ER		2791.41			500.00			60516			144237
ER		2791.41			500.00			50501			152640
ER		2791.41			500.00			58601			142634
ER		2791.41			500.00			57301			145486
ER		2791.41			500.00			57487			147063
ER		2791.41			500.00			62002			141377
ER		2791.41			500.00			65256			138985
ER		2791.41			500.00			61543			141299
ER		2791.41			500.00			54434			149588
ER		2791.41			500.00			56667			147688
ER		2791.41			500.00			61955			143304
ER		2791.41			500.00			54102			152767
ER		2791.41			500.00			58475			145248
ER		2791.41			500.00			61832			141245
ER		2791.41			500.00			59933			143845
ER		2791.41			500.00			62520			138527
ER		2791.41			500.00			56601			148615
ER		2791.41			500.00			55005			149034
ER		2791.41			500.00			56932			147219
ER		2791.41			500.00			63540			141392
ER		2791.41			500.00			57943			144062
ER		2791.41			500.00			60843			144145
ER		2791.41			500.00			55171			150007
ER		2791.41			500.00			56521			142910
ER		2791.41			500.00			56434			146517
ER		2791.41			500.00			63664			137277
ER		2791.41			500.00			65268			141629
ER		2791.41			500.00			61945			142442
ER		2791.41			500.00			63442			140420
ER		2791.41			500.00			60816			143516
ER		2791.41			500.00			59304			143576
ER		2791.41			500.00			56261			151578
ER		2791.41			500.00			54781			148003
ER		2791.41			500.00			56940			146862
ER		2791.41			500.00			63234			139964
ER		2791.41			500.00			61852			141483
ER		2791.41			500.00			67325			136058
ER		2791.41			500.00			61409			142899
ER		2791.41			500.00			58836			141887
ER		2791.41			500.00			59059			145342
ER		2791.41			500.00			56504			149773
ER		2791.41			500.00			49013			154043
ER		2791.41			500.00			62179			141993
ER		2791.41			500.00			53966			149924
ER		2791.41			500.00			61342			143812
ER		2791.41			500.00			57629			145530
ER		2791.41			500.00			58556			147946
ER		2791.41			500.00			59779			142017
ER		2791.41			500.00			61778			142304
ER		2791.41			500.00			58230			146042
ER		2791.41			500.00			57609			145534
ER		2791.41			500.00			56120			146977
ER		2791.41			500.00			53714			148825
ER		2791.41			500.00			53988			149151
ER		2791.41			500.00			60311			145641
ER		2791.41			500.00			57674			144224
ER		2791.41			500.00			62500			140002
ER		2791.41			500.00			64458			139918
ER		2791.41			500.00			55345			148744
ER		2791.41			500.00			63741			138567
ER		2791.41			500.00			66018			139491
ER		2791.41			500.00			58314			143629
ER		2791.41			500.00			63023			140567
ER		2791.41			500.00			55409			149313
ER		2791.41			500.00			55178			150111
ER		2791.41			500.00			58607			147636
ER		2791.41			500.00			57294			144818
ER		2791.41			500.00			60082			144582
ER		2791.41			500.00			58759			144798
ER		2791.41			500.00			61236			140529
ER		2791.41			500.00			62054			141932
ER		2791.41			500.00			63988			142803
ER		2791.41			500.00			55942			147891
ER		2791.41			500.00			62893			139709
ER		2791.41			500.00			50595			153468
ER		2791.41			500.00			60722			143529
ER		2791.41			500.00			55201			147900
ER		2791.41			500.00			58032			144662
ER		2791.41			500.00			58005			146957
ER		2791.41			500.00			55252			145877
ER		2791.41			500.00			56861			144539
ER		2791.41			500.00			68037			137295
ER		2791.41			500.00			58652			145378
ER		2791.41			500.00			54974			148218
ER		2791.41			500.00			58465			147906
ER		2791.41			500.00			63655			142130
ER		2791.41			500.00			49765			155139
ER		2791.41			500.00			61464			141889
ER		2791.41			500.00			63180			141604
ER		2791.41			500.00			54791			150202
ER		2791.41			500.00			58487			148387
ER		2791.41			500.00			55194			149875
ER		2791.41			500.00			62755			143572
ER		2791.41			500.00			57721			147105
ER		2791.41			500.00			53200			149001
ER		2791.41			500.00			58361			142913
ER		2791.41			500.00			57319			145618
ER		2791.41			500.00			57488			144894
ER		2791.41			500.00			58751			146857
ER		2791.41			500.00			61745			141604
ER		2791.41			500.00			61814			140544
ER		2791.41			500.00			53202			149948
ER		2791.41			500.00			62885			143974
ER		2791.41			500.00			57851			143696
ER		2791.41			500.00			56192			148501
ER		2791.41			500.00			58176			143117
ER		2791.41			500.00			54985			147361
ER		2791.41			500.00			65315			136670
ER		2791.41			500.00			59370			141796
ER		2791.41			500.00			53405			149682
ER		2791.41			500.00			57421			144628
ER		2791.41			500.00			54735			147147
ER		2791.41			500.00			64955			137680
ER		2791.41			500.00			61131			144315
ER		2791.41			500.00			60177			144827
ER		2791.41			500.00			61878			141290
ER		2791.41			500.00			58913			144262
ER		2791.41			500.00			58347			144299
ER		2791.41			500.00			61166			139995
ER		2791.41			500.00			66041			137806
ER		2791.41			500.00			56763			146446
ER		2791.41			500.00			50336			151356
ER		2791.41			500.00			59903			144197
ER		2791.41			500.00			59032			145220
ER		2791.41			500.00			62169			142751
ER		2791.41			500.00			61672			140060
ER		2791.41			500.00			61885			141421
ER		2791.41			500.00			66975			136666
ER		2791.41			500.00			57057			147071
ER		2791.41			500.00			51332			150077
ER		2791.41			500.00			64643			140294
ER		2791.41			500.00			56315			147333
ER		2791.41			500.00			59966			146107
ER		2791.41			500.00			67883			135190
ER		2791.41			500.00			59337			142506
ER		2791.41			500.00			54156			148138
ER		2791.41			500.00			63596			141645
ER		2791.41			500.00			61170			138108
ER		2791.41			500.00			54363			150581
ER		2791.41			500.00			61363			147762
ER		2791.41			500.00			61935			141364
ER		2791.41			500.00			55664			147146
ER		2791.41			500.00			55444			148295
ER		2791.41			500.00			56584			145645
ER		2791.41			500.00			63958			140312
ER		2791.41			500.00			61648			143735
ER		2791.41			500.00			57357			144595
ER		2791.41			500.00			60353			139723
ER		2791.41			500.00			59174			148760
ER		2791.41			500.00			52419			151635
ER		2791.41			500.00			57964			144834
ER		2791.41			500.00			55657			145944
ER		2791.41			500.00			61973			143898
ER		2791.41			500.00			54499			149211
ER		2791.41			500.00			60666			142137
ER		2791.41			500.00			55721			151388
ER		2791.41			500.00			53696			147955
ER		2791.41			500.00			54686			151489
ER		2791.41			500.00			58531			149444
ER		2791.41			500.00			52307			152607
ER		2791.41			500.00			56117			145944
ER		2791.41			500.00			55527			149155
ER		2791.41			500.00			65662			141158
ER		2791.41			500.00			56126			148062
ER		2791.41			500.00			59386			143379
ER		2791.41			500.00			58263			146124
ER		2791.41			500.00			57961			146528
ER		2791.41			500.00			58986			146717
ER		2791.41			500.00			60592			141572
ER		2791.41			500.00			59865			146567
ER		2791.41			500.00			61331			143195
ER		2791.41			500.00			61816			142697
ER		2791.41			500.00			60263			142671
ER		2791.41			500.00			57166			147363
ER		2791.41			500.00			58903			146926
ER		2791.41			500.00			59904			145551
ER		2791.41			500.00			64347			142883
ER		2791.41			500.00			54914			147845
ER		2791.41			500.00			60756			139845
ER		2791.41			500.00			61617			142708
ER		2791.41			500.00			59683			142644
ER		2791.41			500.00			55530			147332
ER		2791.41			500.00			69273			137268
ER		2791.41			500.00			59513			141180
ER		2791.41			500.00			59474			146010
ER		2791.41			500.00			60996			145102
ER		2791.41			500.00			58515			145082
ER		2791.41			500.00			59277			144703
ER		2791.41			500.00			62977			140158
ER		2791.41			500.00			54946			146361
ER		2791.41			500.00			55624			145614
ER		2791.41			500.00			61606			145335
ER		2791.41			500.00			62346			138597
ER		2791.41			500.00			56281			148218
ER		2791.41			500.00			52183			149205
ER		2791.41			500.00			52914			148796
ER		2791.41			500.00			56348			143900
ER		2791.41			500.00			60291			145143
ER		2791.41			500.00			63596			139129
ER		2791.41			500.00			58353			147572
ER		2791.41			500.00			60139			147484
ER		2791.41			500.00			63531			142421
ER		2791.41			500.00			57421			148501
ER		2791.41			500.00			62677			140565
ER		2791.41			500.00			55966			146257
ER		2791.41			500.00			61185			144444
ER		2791.41			500.00			60327			141529
ER		2791.41			500.00			45833			156709
ER		2791.41			500.00			56010			145404
ER		2791.41			500.00			63752			141284
ER		2791.41			500.00			64113			139279
ER		2791.41			500.00			61265			141696
ER		2791.41			500.00			63135			140404
ER		2791.41			500.00			63090			143848
ER		2791.41			500.00			59551			142312
ER		2791.41			500.00			62062			145051
ER		2791.41			500.00			59964			142390
ER		2791.41			500.00			61303			142113
ER		2791.41			500.00			57805			145645
ER		2791.41			500.00			66898			139516
ER		2791.41			500.00			59662			144091
ER		2791.41			500.00			61748			142529
ER		2791.41			500.00			57840			146019
ER		2791.41			500.00			57470			145830
ER		2791.41			500.00			56790			148428
ER		2791.41			500.00			50757			155954
ER		2791.41			500.00			58044			146413
ER		2791.41			500.00			57567			145141
ER		2791.41			500.00			64418			140051
ER		2791.41			500.00			58638			143650
ER		2791.41			500.00			55095			150027
ER		2791.41			500.00			57042			142622
ER		2791.41			500.00			62591			140659
ER		2791.41			500.00			58235			143607
ER		2791.41			500.00			59426			143610
ER		2791.41			500.00			60256			144709
ER		2791.41			500.00			60373			143367
ER		2791.41			500.00			58770			141389
ER		2791.41			500.00			55482			150119
ER		2791.41			500.00			63454			139682
ER		2791.41			500.00			63063			142003
ER		2791.41			500.00			63799			139568
ER		2791.41			500.00			55164			148224
ER		2791.41			500.00			66556			139698
ER		2791.41			500.00			67022			138493
ER		2791.41			500.00			55815			144827
ER		2791.41			500.00			61307			143848
ER		2791.41			500.00			57771			143161
ER		2791.41			500.00			50554			148608
ER		2791.41			500.00			55436			147660
ER		2791.41			500.00			57415			145497
ER		2791.41			500.00			63953			140428
ER		2791.41			500.00			59017			146425
ER		2791.41			500.00			55702			146880
ER		2791.41			500.00			62732			141238
ER		2791.41			500.00			58702			145459
ER		2791.41			500.00			58476			146825
ER		2791.41			500.00			56216			148771
ER		2791.41			500.00			62189			141142
ER		2791.41			500.00			61834			141777
ER		2791.41			500.00			59024			147492
ER		2791.41			500.00			54500			146466
ER		2791.41			500.00			70488			135868
ER		2791.41			500.00			61873			141636
ER		2791.41			500.00			61558			143750
ER		2791.41			500.00			55588			149471
ER		2791.41			500.00			51367			155182
ER		2791.41			500.00			52840			150190
ER		2791.41			500.00			63939			140890
ER		2791.41			500.00			62422			139042
ER		2791.41			500.00			56948			146203
ER		2791.41			500.00			61312			142553
ER		2791.41			500.00			63658			138152
ER		2791.41			500.00			57183			145315
ER		2791.41			500.00			58491			144477
ER		2791.41			500.00			62291			140861
ER		2791.41			500.00			56446			146253
ER		2791.41			500.00			53360			149669
ER		2791.41			500.00			59302			146862
ER		2791.41			500.00			54832			149375
ER		2791.41			500.00			61676			142489
ER		2791.41			500.00			62234			142510
ER		2791.41			500.00			61915			144251
ER		2791.41			500.00			59125			144718
ER		2791.41			500.00			52114			151780
ER		2791.41			500.00			58809			147533
ER		2791.41			500.00			52514			150544
ER		2791.41			500.00			60470			144289
ER		2791.41			500.00			58177			148808
ER		2791.41			500.00			63569			141677
ER		2791.41			500.00			58917			146541
ER		2791.41			500.00			63019			142637
ER		2791.41			500.00			56291			144661
ER		2791.41			500.00			56813			150167
ER		2791.41			500.00			49184			155713
ER		2791.41			500.00			58534			147201
ER		2791.41			500.00			66140			138363
ER		2791.41			500.00			60168			140849
ER		2791.41			500.00			57858			143915
ER		2791.41			500.00			56911			149840
ER		2791.41			500.00			60351			139502
ER		2791.41			500.00			57720			143956
ER		2791.41			500.00			64504			140598
ER		2791.41			500.00			66139			142696
ER		2791.41			500.00			55970			141848
ER		2791.41			500.00			59749			144951
ER		2791.41			500.00			56219			152156
ER		2791.41			500.00			60038			146208
ER		2791.41			500.00			65957			139826
ER		2791.41			500.00			62083			139848
ER		2791.41			500.00			64079			140060
ER		2791.41			500.00			54389			150672
ER		2791.41			500.00			68402			135851
ER		2791.41			500.00			56765			146961
ER		2791.41			500.00			57139			144840
ER		2791.41			500.00			63765			140149
ER		2791.41			500.00			58284			144408
ER		2791.41			500.00			62389			143011
ER		2791.41			500.00			63623			141340
ER		2791.41			500.00			57054			148608
ER		2791.41			500.00			60663			141955
ER		2791.41			500.00			53667			149013
ER		2791.41			500.00			63136			138616
ER		2791.41			500.00			57335			148442
ER		2791.41			500.00			54898			146481
ER		2791.41			500.00			53958			149765
ER		2791.41			500.00			58740			144188
ER		2791.41			500.00			51699			153086
ER		2791.41			500.00			57106			146770
ER		2791.41			500.00			61229			142834
ER		2791.41			500.00			61571			139832
ER		2791.41			500.00			64634			138766
ER		2791.41			500.00			54116			149014
ER		2791.41			500.00			58184			143142
ER		2791.41			500.00			58919			146457
ER		2791.41			500.00			57939			143543
ER		2791.41			500.00			61266			144457
ER		2791.41			500.00			61610			144549
ER		2791.41			500.00			57936			148288
ER		2791.41			500.00			66491			136844
ER		2791.41			500.00			55917			147896
ER		2791.41			500.00			61732			145545
ER		2791.41			500.00			56403			150747
ER		2791.41			500.00			58503			145016
ER		2791.41			500.00			59648			141978
ER		2791.41			500.00			61181			141047
ER		2791.41			500.00			59406			146680
ER		2791.41			500.00			57389			143900
ER		2791.41			500.00			60050			145077
ER		2791.41			500.00			53801			153176
ER		2791.41			500.00			56561			145965
ER		2791.41			500.00			59907			144292
ER		2791.41			500.00			57779			143180
ER		2791.41			500.00			64486			143631
ER		2791.41			500.00			56210			147662
ER		2791.41			500.00			61280			143406
ER		2791.41			500.00			58738			145210
ER		2791.41			500.00			60105			142895
ER		2791.41			500.00			63324			140675
ER		2791.41			500.00			55711			148540
ER		2791.41			500.00			53340			148263
ER		2791.41			500.00			57077			143771
ER		2791.41			500.00			61081			142914
ER		2791.41			500.00			55006			151533
ER		2791.41			500.00			61495			143826
ER		2791.41			500.00			51796			152421
ER		2791.41			500.00			62890			143416
ER		2791.41			500.00			57424			146129
ER		2791.41			500.00			59026			146714
ER		2791.41			500.00			57825			148369
ER		2791.41			500.00			58701			143107
ER		2791.41			500.00			56423			147539
ER		2791.41			500.00			57297			149538
ER		2791.41			500.00			60031			143836
ER		2791.41			500.00			57488			144782
ER		2791.41			500.00			60742			143762
ER		2791.41			500.00			62604			139769
ER		2791.41			500.00			62837			140323
ER		2791.41			500.00			53424			149716
ER		2791.41			500.00			55217			145981
ER		2791.41			500.00			55306			147299
ER		2791.41			500.00			58288			144052
ER		2791.41			500.00			64719			137979
ER		2791.41			500.00			52975			148724
ER		2791.41			500.00			57488			144809
ER		2791.41			500.00			58110			145094
ER		2791.41			500.00			56611			147643
ER		2791.41			500.00			56921			148712
ER		2791.41			500.00			60021			144305
ER		2791.41			500.00			60831			143672
ER		2791.41			500.00			55891			146563
ER		2791.41			500.00			58115			144748
ER		2791.41			500.00			51126			153704
ER		2791.41			500.00			60554			144512
ER		2791.41			500.00			52340			151335
ER		2791.41			500.00			55589			149551
ER		2791.41			500.00			61443			142983
ER		2791.41			500.00			61606			142962
ER		2791.41			500.00			51661			154300
ER		2791.41			500.00			60685			142862
ER		2791.41			500.00			56633			148865
ER		2791.41			500.00			53242			151520
ER		2791.41			500.00			61721			141250
ER		2791.41			500.00			51122			153668
ER		2791.41			500.00			56916			148872
ER		2791.41			500.00			57130			149565
ER		2791.41			500.00			55047			147248
ER		2791.41			500.00			62131			142135
ER		2791.41			500.00			55018			153944
ER		2791.41			500.00			58275			142165
ER		2791.41			500.00			58769			141483
ER		2791.41			500.00			59792			144726
ER		2791.41			500.00			59119			146620
ER		2791.41			500.00			62140			138032
ER		2791.41			500.00			63785			141639
ER		2791.41			500.00			62570			139567
ER		2791.41			500.00			66347			137812
ER		2791.41			500.00			61657			141390
ER		2791.41			500.00			56477			146371
ER		2791.41			500.00			58524			145676
ER		2791.41			500.00			54853			147661
ER		2791.41			500.00			67087			136691
ER		2791.41			500.00			62948			138466
ER		2791.41			500.00			53831			152563
ER		2791.41			500.00			58550			143148
ER		2791.41			500.00			62898			139617
ER		2791.41			500.00			60183			147643
ER		2791.41			500.00			59902			143967
ER		2791.41			500.00			61487			145638
ER		2791.41			500.00			67405			133897
ER		2791.41			500.00			67019			133248
ER		2791.41			500.00			60762			142672
ER		2791.41			500.00			56288			145388
ER		2791.41			500.00			58321			146124
ER		2791.41			500.00			61517			140817
ER		2791.41			500.00			58149			146388
ER		2791.41			500.00			58272			143252
ER		2791.41			500.00			53985			149073
ER		2791.41			500.00			60973			145657
ER		2791.41			500.00			54012			152301
ER		2791.41			500.00			62625			140774
ER		2791.41			500.00			58965			144299
ER		2791.41			500.00			60900			142516
ER		2791.41			500.00			66756			139969
ER		2791.41			500.00			64008			140891
ER		2791.41			500.00			61551			143496
ER		2791.41			500.00			67317			137434
ER		2791.41			500.00			60174			143548
ER		2791.41			500.00			60681			145953
ER		2791.41			500.00			58756			144810
ER		2791.41			500.00			58614			147627
ER		2791.41			500.00			56791			148216
ER		2791.41			500.00			60924			144224
ER		2791.41			500.00			64189			142472
ER		2791.41			500.00			55353			145326
ER		2791.41			500.00			64200			139756
ER		2791.41			500.00			57389			142354
ER		2791.41			500.00			54881			151079
ER		2791.41			500.00			65412			139152
ER		2791.41			500.00			56922			145869
ER		2791.41			500.00			67332			136986
ER		2791.41			500.00			62137			138874
ER		2791.41			500.00			61035			142173
ER		2791.41			500.00			62323			143703
ER		2791.41			500.00			59059			145238
ER		2791.41			500.00			57316			150186
ER		2791.41			500.00			62753			140026
ER		2791.41			500.00			59218			147009
ER		2791.41			500.00			63203			138839
ER		2791.41			500.00			51830			152485
ER		2791.41			500.00			56610			149640
ER		2791.41			500.00			60566			145949
ER		2791.41			500.00			61924			143169
ER		2791.41			500.00			59530			146672
ER		2791.41			500.00			61279			139291
ER		2791.41			500.00			58380			145364
ER		2791.41			500.00			55690			145462
ER		2791.41			500.00			58361			144676
ER		2791.41			500.00			58762			145597
ER		2791.41			500.00			59975			144132
ER		2791.41			500.00			57028			144688
ER		2791.41			500.00			54291			148121
ER		2791.41			500.00			60367			144243
ER		2791.41			500.00			49537			151729
ER		2791.41			500.00			54299			149736
ER		2791.41			500.00			58529			144684
ER		2791.41			500.00			60884			142541
ER		2791.41			500.00			67190			136880
ER		2791.41			500.00			57376			145483
ER		2791.41			500.00			66193			140139
ER		2791.41			500.00			56182			145229
ER		2791.41			500.00			65289			137521
ER		2791.41			500.00			65841			137596
ER		2791.41			500.00			59505			140676
ER		2791.41			500.00			62425			142908
ER		2791.41			500.00			56645			145208
ER		2791.41			500.00			63914			139323
ER		2791.41			500.00			54209			149768
ER		2791.41			500.00			65819			137952
ER		2791.41			500.00			65068			139224
ER		2791.41			500.00			48897			155980
ER		2791.41			500.00			57189			147098
ER		2791.41			500.00			61382			142915
ER		2791.41			500.00			60123			141206
ER		2791.41			500.00			52637			148147
ER		2791.41			500.00			61947			142666
ER		2791.41			500.00			67037			140160
ER		2791.41			500.00			59704			143257
ER		2791.41			500.00			65139			140168
ER		2791.41			500.00			58112			143595
ER		2791.41			500.00			60704			142349
ER		2791.41			500.00			56492			147881
ER		2791.41			500.00			61120			143021
ER		2791.41			500.00			64458			141497
ER		2791.41			500.00			63046			142385
ER		2791.41			500.00			65389			138420
ER		2791.41			500.00			57955			146220
ER		2791.41			500.00			63641			142498
ER		2791.41			500.00			57684			146586
ER		2791.41			500.00			61516			144062
ER		2791.41			500.00			59704			145925
ER		2791.41			500.00			51692			152329
ER		2791.41			500.00			54246			150544
ER		2791.41			500.00			63354			139953
ER		2791.41			500.00			57843			147386
ER		2791.41			500.00			56928			144932
ER		2791.41			500.00			62471			144391
ER		2791.41			500.00			51393			149896
ER		2791.41			500.00			63704			141605
ER		2791.41			500.00			57420			148987
ER		2791.41			500.00			48665			151722
ER		2791.41			500.00			64904			137515
ER		2791.41			500.00			56507			148249
ER		2791.41			500.00			62143			140426
ER		2791.41			500.00			63760			136645
ER		2791.41			500.00			59395			143372
ER		2791.41			500.00			59714			143415
ER		2791.41			500.00			58998			144367
ER		2791.41			500.00			61804			141986
ER		2791.41			500.00			55933			148267
ER		2791.41			500.00			58592			145269
ER		2791.41			500.00			63700			140010
ER		2791.41			500.00			62356			140845
ER		2791.41			500.00			51132			150546
ER		2791.41			500.00			60632			141795
ER		2791.41			500.00			60339			141849
ER		2791.41			500.00			60740			142988
ER		2791.41			500.00			59611			145630
ER		2791.41			500.00			72367			134757
ER		2791.41			500.00			61015			143136
ER		2791.41			500.00			59772			146124
ER		2791.41			500.00			56860			150421
ER		2791.41			500.00			61647			142974
ER		2791.41			500.00			57950			144728
ER		2791.41			500.00			57892			146233
ER		2791.41			500.00			62359			144552
ER		2791.41			500.00			60226			143684
ER		2791.41			500.00			61446			147359
ER		2791.41			500.00			61777			144908
ER		2791.41			500.00			51470			150324
ER		2791.41			500.00			61698			145634
ER		2791.41			500.00			60049			145140
ER		2791.41			500.00			56861			147126
ER		2791.41			500.00			58927			141968
ER		2791.41			500.00			62679			141592
ER		2791.41			500.00			66631			138474
ER		2791.41			500.00			60703			144828
ER		2791.41			500.00			50020			154855
ER		2791.41			500.00			61223			142999
ER		2791.41			500.00			64773			139004
ER		2791.41			500.00			56867			146974
ER		2791.41			500.00			54422			146920
ER		2791.41			500.00			57251			148109
ER		2791.41			500.00			64600			140370
ER		2791.41			500.00			60209			145919
ER		2791.41			500.00			57920			145103
ER		2791.41			500.00			59940			144054
ER		2791.41			500.00			62392			141706
ER		2791.41			500.00			59588			144463
ER		2791.41			500.00			64185			138253
ER		2791.41			500.00			62575			143692
ER		2791.41			500.00			59471			143891
ER		2791.41			500.00			60827			145792
ER		2791.41			500.00			61386			142892
ER		2791.41			500.00			65270			137183
ER		2791.41			500.00			58174			146322
ER		2791.41			500.00			65040			135989
ER		2791.41			500.00			63926			139655
ER		2791.41			500.00			63035			141119
ER		2791.41			500.00			61545			144651
ER		2791.41			500.00			63882			139430
ER		2791.41			500.00			63957			138362
ER		2791.41			500.00			54136			150857
ER		2791.41			500.00			56771			146783
ER		2791.41			500.00			62593			138160
ER		2791.41			500.00			61432			136533
ER		2791.41			500.00			54930			149254
ER		2791.41			500.00			61234			139800
ER		2791.41			500.00			50075			151123
ER		2791.41			500.00			58974			145487
ER		2791.41			500.00			59155			145975
ER		2791.41			500.00			59730			147384
ER		2791.41			500.00			65223			139371
ER		2791.41			500.00			65203			138065
ER		2791.41			500.00			55166			149202
ER		2791.41			500.00			63634			141659
ER		2791.41			500.00			58758			144627
ER		2791.41			500.00			67977			135260
ER		2791.41			500.00			61679			142143
ER		2791.41			500.00			51461			152462
ER		2791.41			500.00			63054			140814
ER		2791.41			500.00			58960			143470
ER		2791.41			500.00			57210			146528
ER		2791.41			500.00			60942			140872
ER		2791.41			500.00			59361			149196
ER		2791.41			500.00			57087			143354
ER		2791.41			500.00			59228			142714
ER		2791.41			500.00			54039			149689
ER		2791.41			500.00			62636			142053
ER		2791.41			500.00			59583			148123
ER		2791.41			500.00			54678			147860
ER		2791.41			500.00			62974			140634
ER		2791.41			500.00			60034			144681
ER		2791.41			500.00			61347			141870
ER		2791.41			500.00			62483			142340
ER		2791.41			500.00			58886			147019
ER		2791.41			500.00			57066			147539
ER		2791.41			500.00			52775			150645
ER		2791.41			500.00			70113			131477
ER		2791.41			500.00			57414			145245
ER		2791.41			500.00			57926			143384
ER		2791.41			500.00			59128			144853
ER		2791.41			500.00			56693			147409
ER		2791.41			500.00			61949			144334
ER		2791.41			500.00			58448			145909
ER		2791.41			500.00			57059			145027
ER		2791.41			500.00			55813			148449
ER		2791.41			500.00			61392			143414
ER		2791.41			500.00			63671			139964
ER		2791.41			500.00			60002			145667
ER		2791.41			500.00			51328			150671
ER		2791.41			500.00			66125			140758
ER		2791.41			500.00			56184			144296
ER		2791.41			500.00			50268			152375
ER		2791.41			500.00			57595			144367
ER		2791.41			500.00			62060			139475
ER		2791.41			500.00			62389			140740
ER		2791.41			500.00			58656			143907
ER		2791.41			500.00			58971			144307
ER		2791.41			500.00			62593			140161
ER		2791.41			500.00			56170			144956
ER		2791.41			500.00			53210			150776
ER		2791.41			500.00			50892			154097
ER		2791.41			500.00			57099			148823
ER		2791.41			500.00			59758			144666
ER		2791.41			500.00			61123			144609
ER		2791.41			500.00			64841			139595
ER		2791.41			500.00			60400			144617
ER		2791.41			500.00			59626			143176
ER		2791.41			500.00			61526			143006
ER		2791.41			500.00			59794			146326
ER		2791.41			500.00			62028			141890
ER		2791.41			500.00			64930			137987
ER		2791.41			500.00			54219			151495
ER		2791.41			500.00			59085			145912
ER		2791.41			500.00			58644			146670
ER		2791.41			500.00			54032			147974
ER		2791.41			500.00			59503			142320
ER		2791.41			500.00			60601			144711
ER		2791.41			500.00			62510			139524
ER		2791.41			500.00			53504			149264
ER		2791.41			500.00			57823			147317
ER		2791.41			500.00			57524			145491
ER		2791.41			500.00			59091			147756
ER		2791.41			500.00			53273			154501
ER		2791.41			500.00			61816			140416
ER		2791.41			500.00			58015			148833
ER		2791.41			500.00			63894			140082
ER		2791.41			500.00			58333			150483
ER		2791.41			500.00			56224			145525
ER		2791.41			500.00			60079			145190
ER		2791.41			500.00			55355			148360
ER		2791.41			500.00			53210			151602
ER		2791.41			500.00			58417			147487
ER		2791.41			500.00			62316			142098
ER		2791.41			500.00			58862			143336
ER		2791.41			500.00			64641			137915
ER		2791.41			500.00			61375			143373
ER		2791.41			500.00			59854			143628
ER		2791.41			500.00			54960			149092
ER		2791.41			500.00			55001			150647
ER		2791.41			500.00			57798			144787
ER		2791.41			500.00			54447			150072
ER		2791.41			500.00			61379			139944
ER		2791.41			500.00			60546			141855
ER		2791.41			500.00			69398			132766
ER		2791.41			500.00			67685			136327
ER		2791.41			500.00			57323			147483
ER		2791.41			500.00			60818			143690
ER		2791.41			500.00			55157			146334
ER		2791.41			500.00			56843			144749
ER		2791.41			500.00			63610			140010
ER		2791.41			500.00			55612			148866
ER		2791.41			500.00			56415			145239
ER		2791.41			500.00			61778			145118
ER		2791.41			500.00			59128			147155
ER		2791.41			500.00			60876			142836
ER		2791.41			500.00			56809			144760
ER		2791.41			500.00			56182			149040
ER		2791.41			500.00			67155			137656
ER		2791.41			500.00			57009			147218
ER		2791.41			500.00			57277			142733
ER		2791.41			500.00			57836			147691
ER		2791.41			500.00			60087			145982
ER		2791.41			500.00			59455			143755
ER		2791.41			500.00			67837			134904
ER		2791.41			500.00			59418			143892
ER		2791.41			500.00			59205			144062
ER		2791.41			500.00			58518			145083
ER		2791.41			500.00			58174			148439
ER		2791.41			500.00			58927			144504
ER		2791.41			500.00			57698			143670
ER		2791.41			500.00			57310			148431
ER		2791.41			500.00			59940			143232
ER		2791.41			500.00			57033			146629
ER		2791.41			500.00			63244			138447
ER		2791.41			500.00			59903			145445
ER		2791.41			500.00			62797			138717
ER		2791.41			500.00			61190			140386
ER		2791.41			500.00			65987			137287
ER		2791.41			500.00			51858			151427
ER		2791.41			500.00			60818			141670
ER		2791.41			500.00			66388			136831
ER		2791.41			500.00			60567			142791
ER		2791.41			500.00			62652			143962
ER		2791.41			500.00			57833			146325
ER		2791.41			500.00			51935			151498
ER		2791.41			500.00			57334			144497
ER		2791.41			500.00			63939			141754
ER		2791.41			500.00			54989			146776
ER		2791.41			500.00			59746			143219
ER		2791.41			500.00			57136			145199
ER		2791.41			500.00			55096			151852
ER		2791.41			500.00			66326			138310
ER		2791.41			500.00			60681			144870
ER		2791.41			500.00			61142			143907
ER		2791.41			500.00			57780			145654
ER		2791.41			500.00			59825			143154
ER		2791.41			500.00			67994			132716
ER		2791.41			500.00			68561			136748
ER		2791.41			500.00			53284			149269
ER		2791.41			500.00			62909			142220
ER		2791.41			500.00			57438			148161
ER		2791.41			500.00			54324			146912
ER		2791.41			500.00			51741			152205
ER		2791.41			500.00			56181			148949
ER		2791.41			500.00			54437			152394
ER		2791.41			500.00			61303			143639
ER		2791.41			500.00			61700			139215
ER		2791.41			500.00			52777			149116
ER		2791.41			500.00			64808			140004
ER		2791.41			500.00			56303			147338
ER		2791.41			500.00			61346			139662
ER		2791.41			500.00			57056			144495
ER		2791.41			500.00			57887			148401
ER		2791.41			500.00			54038			149415
ER		2791.41			500.00			55130			146006
ER		2791.41			500.00			59081			146595
ER		2791.41			500.00			64675			140169
ER		2791.41			500.00			58370			145153
ER		2791.41			500.00			63229			144931
ER		2791.41			500.00			56780			147109
ER		2791.41			500.00			54997			149654
ER		2791.41			500.00			56993			146186
ER		2791.41			500.00			66988			135301
ER		2791.41			500.00			58722			142940
ER		2791.41			500.00			58035			145824
ER		2791.41			500.00			57515			146157
ER		2791.41			500.00			62311			141129
ER		2791.41			500.00			58709			146591
ER		2791.41			500.00			63841			139906
ER		2791.41			500.00			61827			143530
ER		2791.41			500.00			64802			138690
ER		2791.41			500.00			61652			140762
ER		2791.41			500.00			60149			145337
ER		2791.41			500.00			57018			145318
ER		2791.41			500.00			67475			139745
ER		2791.41			500.00			64498			140767
ER		2791.41			500.00			62178			147071
ER		2791.41			500.00			59406			144278
ER		2791.41			500.00			60721			146620
ER		2791.41			500.00			62930			139689
ER		2791.41			500.00			60549			147466
ER		2791.41			500.00			60289			145175
ER		2791.41			500.00			63014			139504
ER		2791.41			500.00			62227			143293
ER		2791.41			500.00			59321			142887
ER		2791.41			500.00			57847			146861
ER		2791.41			500.00			55152			148654
ER		2791.41			500.00			51644			153213
ER		2791.41			500.00			60554			144152
ER		2791.41			500.00			61794			141579
ER		2791.41			500.00			55916			146576
ER		2791.41			500.00			63231			145151
ER		2791.41			500.00			59888			141527
ER		2791.41			500.00			55332			146258
ER		2791.41			500.00			63980			141334
ER		2791.41			500.00			58087			146153
ER		2791.41			500.00			52575			153150
ER		2791.41			500.00			61039			140535
ER		2791.41			500.00			56698			149228
ER		2791.41			500.00			63623			140614
ER		2791.41			500.00			57946			147053
ER		2791.41			500.00			56084			148251
ER		2791.41			500.00			58612			145155
ER		2791.41			500.00			64315			139659
ER		2791.41			500.00			56719			147089
ER		2791.41			500.00			63982			140311
ER		2791.41			500.00			64457			139035
ER		2791.41			500.00			66576			139408
ER		2791.41			500.00			55559			148224
ER		2791.41			500.00			59864			143178
ER		2791.41			500.00			57775			147740
ER		2791.41			500.00			62735			140371
ER		2791.41			500.00			58184			143282
ER		2791.41			500.00			63970			142417
ER		2791.41			500.00			62322			139648
ER		2791.41			500.00			54015			149088
ER		2791.41			500.00			57776			143925
ER		2791.41			500.00			56595			149213
ER		2791.41			500.00			57127			149015
ER		2791.41			500.00			54885			146785
ER		2791.41			500.00			60655			145662
ER		2791.41			500.00			58069			146657
ER		2791.41			500.00			54130			149446
ER		2791.41			500.00			65913			139671
ER		2791.41			500.00			58626			148197
ER		2791.41			500.00			57940			151471
ER		2791.41			500.00			56834			146540
ER		2791.41			500.00			58243			149158
ER		2791.41			500.00			58970			144943
ER		2791.41			500.00			55992			147821
ER		2791.41			500.00			62916			142243
ER		2791.41			500.00			49505			155945
ER		2791.41			500.00			60716			142941
ER		2791.41			500.00			59259			147560
ER		2791.41			500.00			64323			137256
ER		2791.41			500.00			54749			145304
ER		2791.41			500.00			53746			150907
ER		2791.41			500.00			48555			154146
ER		2791.41			500.00			58528			145234
ER		2791.41			500.00			54032			146911
ER		2791.41			500.00			62731			141905
ER		2791.41			500.00			64253			140183
ER		2791.41			500.00			52048			148535
ER		2791.41			500.00			53759			149386
ER		2791.41			500.00			57689			144279
ER		2791.41			500.00			57735			144550
ER		2791.41			500.00			59669			146183
ER		2791.41			500.00			62130			140329
ER		2791.41			500.00			58371			144860
ER		2791.41			500.00			61126			141374
ER		2791.41			500.00			58404			146248
ER		2791.41			500.00			56452			147195
ER		2791.41			500.00			66316			139050
ER		2791.41			500.00			65691			135412
ER		2791.41			500.00			60946			141590
ER		2791.41			500.00			60020			141347
ER		2791.41			500.00			66505			135778
ER		2791.41			500.00			58530			144693
ER		2791.41			500.00			53664			146716
ER		2791.41			500.00			56727			149244
ER		2791.41			500.00			55047			151196
ER		2791.41			500.00			61341			140736
ER		2791.41			500.00			66226			136622
ER		2791.41			500.00			48464			154301
ER		2791.41			500.00			59067			142986
ER		2791.41			500.00			61582			141847
----------------------------------------------------------------------------------------------------------------------------------------------------------------------------------
